130203003101130210072999268 0122012024 93.11.4010020000,0000068,2010000000000130210072999268                    200000,0000000,0000000,00                    0000000000000,00
130203003101130210072999268 0222012024 93.15  006020000,0000085,2010000000000130210072999268                    200000,0000000,0000000,00                    0000000000000,00
130203003101130210072999268 0322012024 93.19.1010020000,0000102,3010000000000130210072999268                    200000,0000000,0000000,00                    0000000000000,00
130203003101130210072999268 99                010020036,1500219,5510000000000130210072999268         S          200000,0000255,7000000,0023/SSE01            0502202400219,55
130203003101130210057931457 0102012024 93.11.4010010000,0000068,2010000000000130210057931457                    200000,0000000,0000000,00                    0000000000000,00
130203003101130210057931457 0202012024 93.19.1010010000,0000102,3010000000000130210057931457                    200000,0000000,0000000,00                    0000000000000,00
130203003101130210057931457 0302012024 93.15  006010000,0000085,2010000000000130210057931457                    200000,0000000,0000000,00                    0000000000000,00
130203003101130210057931457 99                006010000,0000255,7010000000000130210057931457         S    E01   200000,0000255,7000000,0023/SSE01            0502202400255,70
130203003101013004137422621 0103012024 93.19.1010010000,0000102,3010000000000013004137422621                    200000,0000000,0000000,00                    0000000000000,00
130203003101013004137422621 0203012024 93.11.4010010000,0000068,2010000000000013004137422621                    200000,0000000,0000000,00                    0000000000000,00
130203003101013004137422621 0303012024 93.15  006010000,0000085,2010000000000013004137422621                    200000,0000000,0000000,00                    0000000000000,00
130203003101013004137422621 99                006010000,0000255,7010000000000013004137422621         S    048   200000,0000255,7000000,0023/SSE01            0502202400255,70
130203003101130210071306796 0105012024 93.15  005010000,0000071,0010000000000130210071306796                    200000,0000000,0000000,00                    0000000000000,00
130203003101130210071306796 0205012024 93.11.4010010000,0000068,2010000000000130210071306796                    200000,0000000,0000000,00                    0000000000000,00
130203003101130210071306796 0305012024 93.11.3010010000,0000085,2010000000000130210071306796                    200000,0000000,0000000,00                    0000000000000,00
130203003101130210071306796 0405012024 93.19.1010010000,0000102,3010000000000130210071306796                    200000,0000000,0000000,00                    0000000000000,00
130203003101130210071306796 99                010010000,0000326,7010000000000130210071306796         S    E04   200000,0000326,7000000,0023/SSE01            0502202400326,70
130203003101130170029101511 0104012024 93.22  010010000,0000101,7010000000000130170029101511                    200000,0000000,0000000,00                    0000000000000,00
130203003101130170029101511 0204012024 93.11.4010010000,0000068,2010000000000130170029101511                    200000,0000000,0000000,00                    0000000000000,00
130203003101130170029101511 0304012024 93.11.3010010000,0000085,2010000000000130170029101511                    200000,0000000,0000000,00                    0000000000000,00
130203003101130170029101511 0404012024 93.16  005010000,0000044,1510000000000130170029101511                    200000,0000000,0000000,00                    0000000000000,00
130203003101130170029101511 99                005010000,0000299,2510000000000130170029101511         S    L04   200000,0000299,2500000,0023/SSE01            0502202400299,25
130203003101130210027753276 0109012024 93.11.3010020000,0000085,2010000000000130210027753276                    200000,0000000,0000000,00                    0000000000000,00
130203003101130210027753276 0209012024 93.11.4010020000,0000068,2010000000000130210027753276                    200000,0000000,0000000,00                    0000000000000,00
130203003101130210027753276 0309012024 93.19.1010020000,0000102,3010000000000130210027753276                    200000,0000000,0000000,00                    0000000000000,00
130203003101130210027753276 0409012024 93.16  005020000,0000044,1510000000000130210027753276                    200000,0000000,0000000,00                    0000000000000,00
130203003101130210027753276 99                005020036,1500263,7010000000000130210027753276         S          200000,0000299,8500000,0023/SSE01            0502202400263,70
130203003101130210054589983 0103012024 93.15  006010000,0000085,2010000000000130210054589983                    200000,0000000,0000000,00                    0000000000000,00
130203003101130210054589983 0203012024 93.11.4010010000,0000068,2010000000000130210054589983                    200000,0000000,0000000,00                    0000000000000,00
130203003101130210054589983 0303012024 93.19.1010010000,0000102,3010000000000130210054589983                    200000,0000000,0000000,00                    0000000000000,00
130203003101130210054589983 99                010010000,0000255,7010000000000130210054589983         S    E01   200000,0000255,7000000,0023/SSE01            0502202400255,70
130203003101130150096847661 0104012024 93.16  006010000,0000052,9810000000000130150096847661                    200000,0000000,0000000,00                    0000000000000,00
130203003101130150096847661 0204012024 93.11.3010010000,0000085,2010000000000130150096847661                    200000,0000000,0000000,00                    0000000000000,00
130203003101130150096847661 0304012024 93.11.4010010000,0000068,2010000000000130150096847661                    200000,0000000,0000000,00                    0000000000000,00
130203003101130150096847661 99                010010000,0000206,3810000000000130150096847661         S    E01   200000,0000206,3800000,0023/SSE01            0502202400206,38
130203003101130220008189640 0103012024 93.15  006010000,0000085,2010000000000130220008189640                    200000,0000000,0000000,00                    0000000000000,00
130203003101130220008189640 0203012024 93.11.4010010000,0000068,2010000000000130220008189640                    200000,0000000,0000000,00                    0000000000000,00
130203003101130220008189640 0303012024 93.19.1010010000,0000102,3010000000000130220008189640                    200000,0000000,0000000,00                    0000000000000,00
130203003101130220008189640 99                010010000,0000255,7010000000000130220008189640         S    E01   200000,0000255,7000000,0023/SSE01            0502202400255,70
130203003101130210053833026 0105012024 93.15  006020000,0000085,2010000000000130210053833026                    200000,0000000,0000000,00                    0000000000000,00
130203003101130210053833026 0205012024 93.11.4010020000,0000068,2010000000000130210053833026                    200000,0000000,0000000,00                    0000000000000,00
130203003101130210053833026 0305012024 93.19.1010020000,0000102,3010000000000130210053833026                    200000,0000000,0000000,00                    0000000000000,00
130203003101130210053833026 99                010020036,1500219,5510000000000130210053833026         S          200000,0000255,7000000,0023/SSE01            0502202400219,55
130203003101130210068821784 0104012024 93.11.3010020000,0000085,2010000000000130210068821784                    200000,0000000,0000000,00                    0000000000000,00
130203003101130210068821784 0204012024 93.16  005020000,0000044,1510000000000130210068821784                    200000,0000000,0000000,00                    0000000000000,00
130203003101130210068821784 0304012024 93.11.4010020000,0000068,2010000000000130210068821784                    200000,0000000,0000000,00                    0000000000000,00
130203003101130210068821784 0404012024 93.26  010020000,0000079,5010000000000130210068821784                    200000,0000000,0000000,00                    0000000000000,00
130203003101130210068821784 99                010020036,1500240,9010000000000130210068821784         S          200000,0000277,0500000,0023/SSE01            0502202400240,90
130203003101130210044570068 0105012024 93.11.4010010000,0000068,2010000000000130210044570068                    200000,0000000,0000000,00                    0000000000000,00
130203003101130210044570068 0205012024 93.22  010010000,0000101,7010000000000130210044570068                    200000,0000000,0000000,00                    0000000000000,00
130203003101130210044570068 0305012024 93.16  006010000,0000052,9810000000000130210044570068                    200000,0000000,0000000,00                    0000000000000,00
130203003101130210044570068 99                006010000,0000222,8810000000000130210044570068         S    L04   200000,0000222,8800000,0023/SSE01            0502202400222,88
130203003101130210044570057 0108012024 93.11.3010010000,0000085,2010000000000130210044570057                    200000,0000000,0000000,00                    0000000000000,00
130203003101130210044570057 0208012024 93.11.4010010000,0000068,2010000000000130210044570057                    200000,0000000,0000000,00                    0000000000000,00
130203003101130210044570057 0308012024 93.16  006010000,0000052,9810000000000130210044570057                    200000,0000000,0000000,00                    0000000000000,00
130203003101130210044570057 99                006010000,0000206,3810000000000130210044570057         S    L04   200000,0000206,3800000,0023/SSE01            0502202400206,38
130203003101130210044725228 0108012024 93.11.3010010000,0000085,2010000000000130210044725228                    200000,0000000,0000000,00                    0000000000000,00
130203003101130210044725228 0208012024 93.11.4010010000,0000068,2010000000000130210044725228                    200000,0000000,0000000,00                    0000000000000,00
130203003101130210044725228 0308012024 93.22  010010000,0000101,7010000000000130210044725228                    200000,0000000,0000000,00                    0000000000000,00
130203003101130210044725228 99                010010000,0000255,1010000000000130210044725228         S    L04   200000,0000255,1000000,0023/SSE01            0502202400255,10
130203003101130210044725217 0104012024 93.16  008010000,0000070,6410000000000130210044725217                    200000,0000000,0000000,00                    0000000000000,00
130203003101130210044725217 99                008010000,0000070,6410000000000130210044725217         S    L04   200000,0000070,6400000,0023/SSE01            0502202400070,64
130203003101130170029101623 0108012024 93.22  010010000,0000101,7010000000000130170029101623                    200000,0000000,0000000,00                    0000000000000,00
130203003101130170029101623 0208012024 93.16  004010000,0000035,3210000000000130170029101623                    200000,0000000,0000000,00                    0000000000000,00
130203003101130170029101623 0308012024 93.11.4010010000,0000068,2010000000000130170029101623                    200000,0000000,0000000,00                    0000000000000,00
130203003101130170029101623 0408012024 93.11.3010010000,0000085,2010000000000130170029101623                    200000,0000000,0000000,00                    0000000000000,00
130203003101130170029101623 0508012024 93.19.1010010000,0000102,3010000000000130170029101623                    200000,0000000,0000000,00                    0000000000000,00
130203003101130170029101623 99                010010000,0000392,7210000000000130170029101623         S    L04   200000,0000392,7200000,0023/SSE01            0502202400392,72
130203003101130210044570013 0109012024 93.16  006010000,0000052,9810000000000130210044570013                    200000,0000000,0000000,00                    0000000000000,00
130203003101130210044570013 0209012024 93.11.3010010000,0000085,2010000000000130210044570013                    200000,0000000,0000000,00                    0000000000000,00
130203003101130210044570013 0309012024 93.11.4010010000,0000068,2010000000000130210044570013                    200000,0000000,0000000,00                    0000000000000,00
130203003101130210044570013 99                010010000,0000206,3810000000000130210044570013         S    L04   200000,0000206,3800000,0023/SSE01            0502202400206,38
130203003101013004137896112 0112012024 93.19.1010010000,0000102,3010000000000013004137896112                    200000,0000000,0000000,00                    0000000000000,00
130203003101013004137896112 0212012024 93.11.3010010000,0000085,2010000000000013004137896112                    200000,0000000,0000000,00                    0000000000000,00
130203003101013004137896112 0312012024 93.11.4010010000,0000068,2010000000000013004137896112                    200000,0000000,0000000,00                    0000000000000,00
130203003101013004137896112 0412012024 93.16  005010000,0000044,1510000000000013004137896112                    200000,0000000,0000000,00                    0000000000000,00
130203003101013004137896112 99                005010000,0000299,8510000000000013004137896112         S    L04   200000,0000299,8500000,0023/SSE01            0502202400299,85
130203003101130210044570136 0110012024 93.16  006010000,0000052,9810000000000130210044570136                    200000,0000000,0000000,00                    0000000000000,00
130203003101130210044570136 0210012024 93.11.4010010000,0000068,2010000000000130210044570136                    200000,0000000,0000000,00                    0000000000000,00
130203003101130210044570136 0310012024 93.11.3010010000,0000085,2010000000000130210044570136                    200000,0000000,0000000,00                    0000000000000,00
130203003101130210044570136 99                010010000,0000206,3810000000000130210044570136         S    L04   200000,0000206,3800000,0023/SSE01            0502202400206,38
130203003101130210044574041 0112012024 93.11.3010010000,0000085,2010000000000130210044574041                    200000,0000000,0000000,00                    0000000000000,00
130203003101130210044574041 0212012024 93.11.4010010000,0000068,2010000000000130210044574041                    200000,0000000,0000000,00                    0000000000000,00
130203003101130210044574041 0312012024 93.16  006010000,0000052,9810000000000130210044574041                    200000,0000000,0000000,00                    0000000000000,00
130203003101130210044574041 99                006010000,0000206,3810000000000130210044574041         S    L04   200000,0000206,3800000,0023/SSE01            0502202400206,38
130203003101130210044725421 0110012024 93.16  008010000,0000070,6410000000000130210044725421                    200000,0000000,0000000,00                    0000000000000,00
130203003101130210044725421 99                008010000,0000070,6410000000000130210044725421         S    L04   200000,0000070,6400000,0023/SSE01            0502202400070,64
130203003101130210044725432 0112012024 93.11.3010010000,0000085,2010000000000130210044725432                    200000,0000000,0000000,00                    0000000000000,00
130203003101130210044725432 0212012024 93.11.4010010000,0000068,2010000000000130210044725432                    200000,0000000,0000000,00                    0000000000000,00
130203003101130210044725432 0312012024 93.35.3010010000,0000023,2010000000000130210044725432                    200000,0000000,0000000,00                    0000000000000,00
130203003101130210044725432 0412012024 93.16  002010000,0000017,6610000000000130210044725432                    200000,0000000,0000000,00                    0000000000000,00
130203003101130210044725432 99                002010000,0000194,2610000000000130210044725432         S    L04   200000,0000194,2600000,0023/SSE01            0502202400194,26
130203003101130170029101904 0116012024 93.11.4010010000,0000068,2010000000000130170029101904                    200000,0000000,0000000,00                    0000000000000,00
130203003101130170029101904 0216012024 93.11.3010010000,0000085,2010000000000130170029101904                    200000,0000000,0000000,00                    0000000000000,00
130203003101130170029101904 0316012024 93.26  010010000,0000079,5010000000000130170029101904                    200000,0000000,0000000,00                    0000000000000,00
130203003101130170029101904 0416012024 93.16  005010000,0000044,1510000000000130170029101904                    200000,0000000,0000000,00                    0000000000000,00
130203003101130170029101904 99                005010000,0000277,0510000000000130170029101904         S    L04   200000,0000277,0500000,0023/SSE01            0502202400277,05
130203003101013004128623478 0103012024 89.7   001010000,0000020,6610000000000013004128623478                    200000,0000000,0000000,00                    0000000000000,00
130203003101013004128623478 99                001010000,0000020,6610000000000013004128623478         S    E01   200000,0000020,6600000,0023/SSE01            0502202400020,66
130203003101013004128623601 0103012024 89.7   001010000,0000020,6610000000000013004128623601                    200000,0000000,0000000,00                    0000000000000,00
130203003101013004128623601 99                001010000,0000020,6610000000000013004128623601         S    E01   200000,0000020,6600000,0023/SSE01            0502202400020,66
130203003101013004133839650 0117012024 93.15  006010000,0000085,2010000000000013004133839650                    200000,0000000,0000000,00                    0000000000000,00
130203003101013004133839650 0217012024 93.19.1010010000,0000102,3010000000000013004133839650                    200000,0000000,0000000,00                    0000000000000,00
130203003101013004133839650 0317012024 93.11.4010010000,0000068,2010000000000013004133839650                    200000,0000000,0000000,00                    0000000000000,00
130203003101013004133839650 99                010010000,0000255,7010000000000013004133839650         S    E01   200000,0000255,7000000,0023/SSE01            0502202400255,70
130203003101130210057935575 0115012024 93.16  005010000,0000044,1510000000000130210057935575                    200000,0000000,0000000,00                    0000000000000,00
130203003101130210057935575 0215012024 93.11.4010010000,0000068,2010000000000130210057935575                    200000,0000000,0000000,00                    0000000000000,00
130203003101130210057935575 0315012024 93.11.3010010000,0000085,2010000000000130210057935575                    200000,0000000,0000000,00                    0000000000000,00
130203003101130210057935575 0415012024 93.19.1010010000,0000102,3010000000000130210057935575                    200000,0000000,0000000,00                    0000000000000,00
130203003101130210057935575 99                010010000,0000299,8510000000000130210057935575         S    C03   200000,0000299,8500000,0023/SSE01            0502202400299,85
130203003101130220010753031 0115012024 93.15  005010000,0000071,0010000000000130220010753031                    200000,0000000,0000000,00                    0000000000000,00
130203003101130220010753031 0215012024 93.11.3010010000,0000085,2010000000000130220010753031                    200000,0000000,0000000,00                    0000000000000,00
130203003101130220010753031 0315012024 93.19.1010010000,0000102,3010000000000130220010753031                    200000,0000000,0000000,00                    0000000000000,00
130203003101130220010753031 0415012024 93.11.4010010000,0000068,2010000000000130220010753031                    200000,0000000,0000000,00                    0000000000000,00
130203003101130220010753031 99                010010000,0000326,7010000000000130220010753031         S    E01   200000,0000326,7000000,0023/SSE01            0502202400326,70
130203003101130220011232821 0119012024 93.15  006020000,0000085,2010000000000130220011232821                    200000,0000000,0000000,00                    0000000000000,00
130203003101130220011232821 0219012024 93.11.4010020000,0000068,2010000000000130220011232821                    200000,0000000,0000000,00                    0000000000000,00
130203003101130220011232821 0319012024 93.19.1010020000,0000102,3010000000000130220011232821                    200000,0000000,0000000,00                    0000000000000,00
130203003101130220011232821 99                010020036,1500219,5510000000000130220011232821         S          200000,0000255,7000000,0023/SSE01            0502202400219,55
130203003101130210044574063 0111012024 93.16  008010000,0000070,6410000000000130210044574063                    200000,0000000,0000000,00                    0000000000000,00
130203003101130210044574063 99                008010000,0000070,6410000000000130210044574063         S    L04   200000,0000070,6400000,0023/SSE01            0502202400070,64
130203003101013004138330752 0115012024 93.15  006020000,0000085,2010000000000013004138330752                    200000,0000000,0000000,00                    0000000000000,00
130203003101013004138330752 0215012024 93.19.1010020000,0000102,3010000000000013004138330752                    200000,0000000,0000000,00                    0000000000000,00
130203003101013004138330752 0315012024 93.11.4010020000,0000068,2010000000000013004138330752                    200000,0000000,0000000,00                    0000000000000,00
130203003101013004138330752 99                010020036,1500219,5510000000000013004138330752         S          200000,0000255,7000000,0023/SSE01            0502202400219,55
130203003101013004137918735 0103012024 89.7   001010000,0000020,6610000000000013004137918735                    200000,0000000,0000000,00                    0000000000000,00
130203003101013004137918735 99                001010000,0000020,6610000000000013004137918735         S    C01   200000,0000020,6600000,0023/SSE01            0502202400020,66
130203003101130210057620632 0103012024 89.7   001010000,0000020,6610000000000130210057620632                    200000,0000000,0000000,00                    0000000000000,00
130203003101130210057620632 99                001010000,0000020,6610000000000130210057620632         S    C01   200000,0000020,6600000,0023/SSE01            0502202400020,66
130203003101130220008464410 0103012024 89.7   001010000,0000020,6610000000000130220008464410                    200000,0000000,0000000,00                    0000000000000,00
130203003101130220008464410 99                001010000,0000020,6610000000000130220008464410         S    E01   200000,0000020,6600000,0023/SSE01            0502202400020,66
130203003101130210044570250 0103012024 89.7   001010000,0000020,6610000000000130210044570250                    200000,0000000,0000000,00                    0000000000000,00
130203003101130210044570250 99                001010000,0000020,6610000000000130210044570250         S    L04   200000,0000020,6600000,0023/SSE01            0502202400020,66
130203003101130210058939650 0125012024 93.19.1010020000,0000102,3010000000000130210058939650                    200000,0000000,0000000,00                    0000000000000,00
130203003101130210058939650 0225012024 93.15  006020000,0000085,2010000000000130210058939650                    200000,0000000,0000000,00                    0000000000000,00
130203003101130210058939650 0325012024 93.11.4010020000,0000068,2010000000000130210058939650                    200000,0000000,0000000,00                    0000000000000,00
130203003101130210058939650 99                010020036,1500219,5510000000000130210058939650         S          200000,0000255,7000000,0023/SSE01            0502202400219,55
130203003101130170029101814 0105012024 93.16  005010000,0000044,1510000000000130170029101814                    200000,0000000,0000000,00                    0000000000000,00
130203003101130170029101814 0205012024 93.11.4005010000,0000034,1010000000000130170029101814                    200000,0000000,0000000,00                    0000000000000,00
130203003101130170029101814 0305012024 93.11.3005010000,0000042,6010000000000130170029101814                    200000,0000000,0000000,00                    0000000000000,00
130203003101130170029101814 0405012024 93.19.1005010000,0000051,1510000000000130170029101814                    200000,0000000,0000000,00                    0000000000000,00
130203003101130170029101814 99                005010000,0000172,0010000000000130170029101814         S    L04   200000,0000172,0000000,0023/SSE01            0502202400172,00
130203003101130210044600027 0115012024 93.15  006020000,0000085,2010000000000130210044600027                    200000,0000000,0000000,00                    0000000000000,00
130203003101130210044600027 0215012024 93.19.1010020000,0000102,3010000000000130210044600027                    200000,0000000,0000000,00                    0000000000000,00
130203003101130210044600027 0315012024 93.11.4010020000,0000068,2010000000000130210044600027                    200000,0000000,0000000,00                    0000000000000,00
130203003101130210044600027 99                010020036,1500219,5510000000000130210044600027         S          200000,0000255,7000000,0023/SSE01            0502202400219,55
130203003101130210044570261 0118012024 93.16  006010000,0000052,9810000000000130210044570261                    200000,0000000,0000000,00                    0000000000000,00
130203003101130210044570261 0218012024 93.11.4010010000,0000068,2010000000000130210044570261                    200000,0000000,0000000,00                    0000000000000,00
130203003101130210044570261 0318012024 93.11.3010010000,0000085,2010000000000130210044570261                    200000,0000000,0000000,00                    0000000000000,00
130203003101130210044570261 99                010010000,0000206,3810000000000130210044570261         S    L04   200000,0000206,3800000,0023/SSE01            0502202400206,38
130203003101130170029101972 0105012024 89.7   001010000,0000020,6610000000000130170029101972                    200000,0000000,0000000,00                    0000000000000,00
130203003101130170029101972 99                001010000,0000020,6610000000000130170029101972         S    L04   200000,0000020,6600000,0023/SSE01            0502202400020,66
130203003101013004137361306 0126012024 93.19.1010010000,0000102,3010000000000013004137361306                    200000,0000000,0000000,00                    0000000000000,00
130203003101013004137361306 0226012024 93.11.4010010000,0000068,2010000000000013004137361306                    200000,0000000,0000000,00                    0000000000000,00
130203003101013004137361306 0326012024 93.15  006010000,0000085,2010000000000013004137361306                    200000,0000000,0000000,00                    0000000000000,00
130203003101013004137361306 99                006010000,0000255,7010000000000013004137361306         S    E03   200000,0000255,7000000,0023/SSE01            0502202400255,70
130203003101013004139105129 0108012024 89.7   001010000,0000020,6610000000000013004139105129                    200000,0000000,0000000,00                    0000000000000,00
130203003101013004139105129 99                001010000,0000020,6610000000000013004139105129         S    E01   200000,0000020,6600000,0023/SSE01            0502202400020,66
130203003101013004139028537 0122012024 93.15  006010000,0000085,2010000000000013004139028537                    200000,0000000,0000000,00                    0000000000000,00
130203003101013004139028537 0222012024 93.19.1010010000,0000102,3010000000000013004139028537                    200000,0000000,0000000,00                    0000000000000,00
130203003101013004139028537 0322012024 93.11.4010010000,0000068,2010000000000013004139028537                    200000,0000000,0000000,00                    0000000000000,00
130203003101013004139028537 99                010010000,0000255,7010000000000013004139028537         S    E01   200000,0000255,7000000,0023/SSE01            0502202400255,70
130203003101130210053054807 0119012024 93.16  005010000,0000044,1510000000000130210053054807                    200000,0000000,0000000,00                    0000000000000,00
130203003101130210053054807 0219012024 93.19.1010010000,0000102,3010000000000130210053054807                    200000,0000000,0000000,00                    0000000000000,00
130203003101130210053054807 0319012024 93.11.4010010000,0000068,2010000000000130210053054807                    200000,0000000,0000000,00                    0000000000000,00
130203003101130210053054807 0419012024 93.11.3010010000,0000085,2010000000000130210053054807                    200000,0000000,0000000,00                    0000000000000,00
130203003101130210053054807 99                010010000,0000299,8510000000000130210053054807         S    L04   200000,0000299,8500000,0023/SSE01            0502202400299,85
130203003101130220009197111 0123012024 93.15  006010000,0000085,2010000000000130220009197111                    200000,0000000,0000000,00                    0000000000000,00
130203003101130220009197111 0223012024 93.11.4010010000,0000068,2010000000000130220009197111                    200000,0000000,0000000,00                    0000000000000,00
130203003101130220009197111 0323012024 93.19.1010010000,0000102,3010000000000130220009197111                    200000,0000000,0000000,00                    0000000000000,00
130203003101130220009197111 99                010010000,0000255,7010000000000130220009197111         S    E01   200000,0000255,7000000,0023/SSE01            0502202400255,70
130203003101130210058151092 0119012024 93.15  006020000,0000085,2010000000000130210058151092                    200000,0000000,0000000,00                    0000000000000,00
130203003101130210058151092 0219012024 93.11.4010020000,0000068,2010000000000130210058151092                    200000,0000000,0000000,00                    0000000000000,00
130203003101130210058151092 0319012024 93.19.1010020000,0000102,3010000000000130210058151092                    200000,0000000,0000000,00                    0000000000000,00
130203003101130210058151092 99                010020036,1500219,5510000000000130210058151092         S          200000,0000255,7000000,0023/SSE01            0502202400219,55
130203003101013004138730890 0115012024 89.7   001010000,0000020,6610000000000013004138730890                    200000,0000000,0000000,00                    0000000000000,00
130203003101013004138730890 99                001010000,0000020,6610000000000013004138730890         S    C02   200000,0000020,6600000,0023/SSE01            0502202400020,66
130203003101013004138860413 0124012024 93.19.1010010000,0000102,3010000000000013004138860413                    200000,0000000,0000000,00                    0000000000000,00
130203003101013004138860413 0224012024 93.11.4010010000,0000068,2010000000000013004138860413                    200000,0000000,0000000,00                    0000000000000,00
130203003101013004138860413 99                010010000,0000170,5010000000000013004138860413         S    C01   200000,0000170,5000000,0023/SSE01            0502202400170,50
130203003101013004138860412 0119012024 93.15  008010000,0000113,6010000000000013004138860412                    200000,0000000,0000000,00                    0000000000000,00
130203003101013004138860412 99                008010000,0000113,6010000000000013004138860412         S    C01   200000,0000113,6000000,0023/SSE01            0502202400113,60
130203003101130210029827247 0123012024 93.11.4010010000,0000068,2010000000000130210029827247                    200000,0000000,0000000,00                    0000000000000,00
130203003101130210029827247 0223012024 93.19.1010010000,0000102,3010000000000130210029827247                    200000,0000000,0000000,00                    0000000000000,00
130203003101130210029827247 0323012024 93.15  006010000,0000085,2010000000000130210029827247                    200000,0000000,0000000,00                    0000000000000,00
130203003101130210029827247 99                006010000,0000255,7010000000000130210029827247         S    E01   200000,0000255,7000000,0023/SSE01            0502202400255,70
130203003101130210053054730 0110012024 89.7   001010000,0000020,6610000000000130210053054730                    200000,0000000,0000000,00                    0000000000000,00
130203003101130210053054730 99                001010000,0000020,6610000000000130210053054730         S    L04   200000,0000020,6600000,0023/SSE01            0502202400020,66
130203003101130210025817804 0110012024 89.7   001010000,0000020,6610000000000130210025817804                    200000,0000000,0000000,00                    0000000000000,00
130203003101130210025817804 99                001010000,0000020,6610000000000130210025817804         S    E01   200000,0000020,6600000,0023/SSE01            0502202400020,66
130203003101130210044570272 0126012024 93.11.4010010000,0000068,2010000000000130210044570272                    200000,0000000,0000000,00                    0000000000000,00
130203003101130210044570272 0226012024 93.11.4010010000,0000068,2010000000000130210044570272                    200000,0000000,0000000,00                    0000000000000,00
130203003101130210044570272 0326012024 93.16  006010000,0000052,9810000000000130210044570272                    200000,0000000,0000000,00                    0000000000000,00
130203003101130210044570272 99                006010000,0000189,3810000000000130210044570272         S    L04   200000,0000189,3800000,0023/SSE01            0502202400189,38
130203003101130170029104086 0110012024 89.7   001010000,0000020,6610000000000130170029104086                    200000,0000000,0000000,00                    0000000000000,00
130203003101130170029104086 99                001010000,0000020,6610000000000130170029104086         S    L04   200000,0000020,6600000,0023/SSE01            0502202400020,66
130203003101130210044570294 0124012024 93.19.1010010000,0000102,3010000000000130210044570294                    200000,0000000,0000000,00                    0000000000000,00
130203003101130210044570294 0224012024 93.11.4010010000,0000068,2010000000000130210044570294                    200000,0000000,0000000,00                    0000000000000,00
130203003101130210044570294 0324012024 93.22  010010000,0000101,7010000000000130210044570294                    200000,0000000,0000000,00                    0000000000000,00
130203003101130210044570294 99                010010000,0000272,2010000000000130210044570294         S    L04   200000,0000272,2000000,0023/SSE01            0502202400272,20
130203003101130200033834104 0119012024 93.15  006010000,0000085,2010000000000130200033834104                    200000,0000000,0000000,00                    0000000000000,00
130203003101130200033834104 0219012024 93.19.1010010000,0000102,3010000000000130200033834104                    200000,0000000,0000000,00                    0000000000000,00
130203003101130200033834104 0319012024 93.11.4010010000,0000068,2010000000000130200033834104                    200000,0000000,0000000,00                    0000000000000,00
130203003101130200033834104 99                010010000,0000255,7010000000000130200033834104         S    E01   200000,0000255,7000000,0023/SSE01            0502202400255,70
130203003101130170029104121 0124012024 93.16  006010000,0000052,9810000000000130170029104121                    200000,0000000,0000000,00                    0000000000000,00
130203003101130170029104121 0224012024 93.11.4010010000,0000068,2010000000000130170029104121                    200000,0000000,0000000,00                    0000000000000,00
130203003101130170029104121 0324012024 93.11.3010010000,0000085,2010000000000130170029104121                    200000,0000000,0000000,00                    0000000000000,00
130203003101130170029104121 99                010010000,0000206,3810000000000130170029104121         S    L04   200000,0000206,3800000,0023/SSE01            0502202400206,38
130203003101130210028458652 0124012024 93.11.4010020000,0000068,2010000000000130210028458652                    200000,0000000,0000000,00                    0000000000000,00
130203003101130210028458652 0224012024 93.19.1010020000,0000102,3010000000000130210028458652                    200000,0000000,0000000,00                    0000000000000,00
130203003101130210028458652 0324012024 93.22  010020000,0000101,7010000000000130210028458652                    200000,0000000,0000000,00                    0000000000000,00
130203003101130210028458652 0424012024 93.16  005020000,0000044,1510000000000130210028458652                    200000,0000000,0000000,00                    0000000000000,00
130203003101130210028458652 99                005020036,1500280,2010000000000130210028458652         S          200000,0000316,3500000,0023/SSE01            0502202400280,20
130203003101130210044725768 0129012024 93.16  002010000,0000017,6610000000000130210044725768                    200000,0000000,0000000,00                    0000000000000,00
130203003101130210044725768 0229012024 93.11.3010010000,0000085,2010000000000130210044725768                    200000,0000000,0000000,00                    0000000000000,00
130203003101130210044725768 0329012024 93.11.4010010000,0000068,2010000000000130210044725768                    200000,0000000,0000000,00                    0000000000000,00
130203003101130210044725768 0429012024 93.22  010010000,0000101,7010000000000130210044725768                    200000,0000000,0000000,00                    0000000000000,00
130203003101130210044725768 99                010010000,0000272,7610000000000130210044725768         S    L04   200000,0000272,7600000,0023/SSE01            0502202400272,76
130203003101130210044725757 0125012024 93.16  008010000,0000070,6410000000000130210044725757                    200000,0000000,0000000,00                    0000000000000,00
130203003101130210044725757 99                008010000,0000070,6410000000000130210044725757         S    L04   200000,0000070,6400000,0023/SSE01            0502202400070,64
130203003101130200033834060 0126012024 93.11.4010020000,0000068,2010000000000130200033834060                    200000,0000000,0000000,00                    0000000000000,00
130203003101130200033834060 0226012024 93.19.1010020000,0000102,3010000000000130200033834060                    200000,0000000,0000000,00                    0000000000000,00
130203003101130200033834060 0326012024 93.15  006020000,0000085,2010000000000130200033834060                    200000,0000000,0000000,00                    0000000000000,00
130203003101130200033834060 99                006020036,1500219,5510000000000130200033834060         S          200000,0000255,7000000,0023/SSE01            0502202400219,55
130203003101130170029104200 0126012024 93.16  005010000,0000044,1510000000000130170029104200                    200000,0000000,0000000,00                    0000000000000,00
130203003101130170029104200 0226012024 93.11.4010010000,0000068,2010000000000130170029104200                    200000,0000000,0000000,00                    0000000000000,00
130203003101130170029104200 0326012024 93.11.3010010000,0000085,2010000000000130170029104200                    200000,0000000,0000000,00                    0000000000000,00
130203003101130170029104200 0426012024 93.22  010010000,0000101,7010000000000130170029104200                    200000,0000000,0000000,00                    0000000000000,00
130203003101130170029104200 99                010010000,0000299,2510000000000130170029104200         S    L04   200000,0000299,2500000,0023/SSE01            0502202400299,25
130203003101130210044570327 0115012024 89.7   001010000,0000020,6610000000000130210044570327                    200000,0000000,0000000,00                    0000000000000,00
130203003101130210044570327 99                001010000,0000020,6610000000000130210044570327         S    L04   200000,0000020,6600000,0023/SSE01            0502202400020,66
130203003101130210044725770 0124012024 93.16  008010000,0000070,6410000000000130210044725770                    200000,0000000,0000000,00                    0000000000000,00
130203003101130210044725770 99                008010000,0000070,6410000000000130210044725770         S    L04   200000,0000070,6400000,0023/SSE01            0502202400070,64
130203003101130210044725781 0126012024 93.16  002010000,0000017,6610000000000130210044725781                    200000,0000000,0000000,00                    0000000000000,00
130203003101130210044725781 0226012024 93.11.3010010000,0000085,2010000000000130210044725781                    200000,0000000,0000000,00                    0000000000000,00
130203003101130210044725781 0326012024 93.11.4010010000,0000068,2010000000000130210044725781                    200000,0000000,0000000,00                    0000000000000,00
130203003101130210044725781 0426012024 93.35.3010010000,0000023,2010000000000130210044725781                    200000,0000000,0000000,00                    0000000000000,00
130203003101130210044725781 99                010010000,0000194,2610000000000130210044725781         S    L04   200000,0000194,2600000,0023/SSE01            0502202400194,26
130203003101130220009501006 0115012024 89.7   001010000,0000020,6610000000000130220009501006                    200000,0000000,0000000,00                    0000000000000,00
130203003101130220009501006 99                001010000,0000020,6610000000000130220009501006         S    C03   200000,0000020,6600000,0023/SSE01            0502202400020,66
130203003101130210044570406 0131012024 93.11.3010010000,0000085,2010000000000130210044570406                    200000,0000000,0000000,00                    0000000000000,00
130203003101130210044570406 0231012024 93.11.4010010000,0000068,2010000000000130210044570406                    200000,0000000,0000000,00                    0000000000000,00
130203003101130210044570406 0331012024 93.22  010010000,0000101,7010000000000130210044570406                    200000,0000000,0000000,00                    0000000000000,00
130203003101130210044570406 0431012024 93.16  005010000,0000044,1510000000000130210044570406                    200000,0000000,0000000,00                    0000000000000,00
130203003101130210044570406 99                005010000,0000299,2510000000000130210044570406         S    L04   200000,0000299,2500000,0023/SSE01            0502202400299,25
130203003101013004132441788 0117012024 89.7   001010000,0000020,6610000000000013004132441788                    200000,0000000,0000000,00                    0000000000000,00
130203003101013004132441788 99                001010000,0000020,6610000000000013004132441788         S    E01   200000,0000020,6600000,0023/SSE01            0502202400020,66
130203003101013004131319518 0117012024 89.7   001010000,0000020,6610000000000013004131319518                    200000,0000000,0000000,00                    0000000000000,00
130203003101013004131319518 99                001010000,0000020,6610000000000013004131319518         S    E02   200000,0000020,6600000,0023/SSE01            0502202400020,66
130203003101013004139684196 0117012024 89.7   001010000,0000020,6610000000000013004139684196                    200000,0000000,0000000,00                    0000000000000,00
130203003101013004139684196 99                001010000,0000020,6610000000000013004139684196         S    C02   200000,0000020,6600000,0023/SSE01            0502202400020,66
130203003101130200086806214 0117012024 89.7   001010000,0000020,6610000000000130200086806214                    200000,0000000,0000000,00                    0000000000000,00
130203003101130200086806214 99                001010000,0000020,6610000000000130200086806214         S    C01   200000,0000020,6600000,0023/SSE01            0502202400020,66
130203003101130210044574074 0115012024 93.11.3010010000,0000085,2010000000000130210044574074                    200000,0000000,0000000,00                    0000000000000,00
130203003101130210044574074 0215012024 93.11.4010010000,0000068,2010000000000130210044574074                    200000,0000000,0000000,00                    0000000000000,00
130203003101130210044574074 0315012024 93.16  002010000,0000017,6610000000000130210044574074                    200000,0000000,0000000,00                    0000000000000,00
130203003101130210044574074 99                002010000,0000171,0610000000000130210044574074         S    L04   200000,0000171,0600000,0023/SSE01            0502202400171,06
130203003101130170029101825 0116012024 93.16  004010000,0000035,3210000000000130170029101825                    200000,0000000,0000000,00                    0000000000000,00
130203003101130170029101825 0216012024 93.11.4010010000,0000068,2010000000000130170029101825                    200000,0000000,0000000,00                    0000000000000,00
130203003101130170029101825 0316012024 93.11.3010010000,0000085,2010000000000130170029101825                    200000,0000000,0000000,00                    0000000000000,00
130203003101130170029101825 0416012024 93.22  010010000,0000101,7010000000000130170029101825                    200000,0000000,0000000,00                    0000000000000,00
130203003101130170029101825 0516012024 93.39.2010010000,0000085,2010000000000130170029101825                    200000,0000000,0000000,00                    0000000000000,00
130203003101130170029101825 99                010010000,0000375,6210000000000130170029101825         S    L04   200000,0000375,6200000,0023/SSE01            0502202400375,62
130203003101130210044570351 0124012024 93.16  006010000,0000052,9810000000000130210044570351                    200000,0000000,0000000,00                    0000000000000,00
130203003101130210044570351 0224012024 93.11.4010010000,0000068,2010000000000130210044570351                    200000,0000000,0000000,00                    0000000000000,00
130203003101130210044570351 0324012024 93.11.3010010000,0000085,2010000000000130210044570351                    200000,0000000,0000000,00                    0000000000000,00
130203003101130210044570351 99                010010000,0000206,3810000000000130210044570351         S    L04   200000,0000206,3800000,0023/SSE01            0502202400206,38
130203003101013004132155966 0115012024 89.7   001010000,0000020,6610000000000013004132155966                    200000,0000000,0000000,00                    0000000000000,00
130203003101013004132155966 99                001010000,0000020,6610000000000013004132155966         S    C03   200000,0000020,6600000,0023/SSE01            0502202400020,66
130203003101013004132463253 0122012024 89.7   001010000,0000020,6610000000000013004132463253                    200000,0000000,0000000,00                    0000000000000,00
130203003101013004132463253 99                001010000,0000020,6610000000000013004132463253         S    C03   200000,0000020,6600000,0023/SSE01            0502202400020,66
130203003101130210044617015 0122012024 89.7   001010000,0000020,6610000000000130210044617015                    200000,0000000,0000000,00                    0000000000000,00
130203003101130210044617015 99                001010000,0000020,6610000000000130210044617015         S    L04   200000,0000020,6600000,0023/SSE01            0502202400020,66
130203003101013004132660873 0122012024 89.7   001010000,0000020,6610000000000013004132660873                    200000,0000000,0000000,00                    0000000000000,00
130203003101013004132660873 99                001010000,0000020,6610000000000013004132660873         S    C03   200000,0000020,6600000,0023/SSE01            0502202400020,66
130203003101130210053054921 0122012024 89.7   001010000,0000020,6610000000000130210053054921                    200000,0000000,0000000,00                    0000000000000,00
130203003101130210053054921 99                001010000,0000020,6610000000000130210053054921         S    L04   200000,0000020,6600000,0023/SSE01            0502202400020,66
130203003101130210053054910 0124012024 89.7   001010000,0000020,6610000000000130210053054910                    200000,0000000,0000000,00                    0000000000000,00
130203003101130210053054910 99                001010000,0000020,6610000000000130210053054910         S    L04   200000,0000020,6600000,0023/SSE01            0502202400020,66
130203003101013004134574732 0124012024 89.7   001010000,0000020,6610000000000013004134574732                    200000,0000000,0000000,00                    0000000000000,00
130203003101013004134574732 99                001010000,0000020,6610000000000013004134574732         S    E01   200000,0000020,6600000,0023/SSE01            0502202400020,66
130203003101013004132712388 0124012024 89.7   001010000,0000020,6610000000000013004132712388                    200000,0000000,0000000,00                    0000000000000,00
130203003101013004132712388 99                001010000,0000020,6610000000000013004132712388         S    E02   200000,0000020,6600000,0023/SSE01            0502202400020,66
130203003101013004132308528 0129012024 89.7   001010000,0000020,6610000000000013004132308528                    200000,0000000,0000000,00                    0000000000000,00
130203003101013004132308528 99                001010000,0000020,6610000000000013004132308528         S    C03   200000,0000020,6600000,0023/SSE01            0502202400020,66
130203003101013004139866130 0129012024 89.7   001010000,0000020,6610000000000013004139866130                    200000,0000000,0000000,00                    0000000000000,00
130203003101013004139866130 99                001010000,0000020,6610000000000013004139866130         S    C03   200000,0000020,6600000,0023/SSE01            0502202400020,66
130203003101130170029104536 0129012024 89.7   001010000,0000020,6610000000000130170029104536                    200000,0000000,0000000,00                    0000000000000,00
130203003101130170029104536 99                001010000,0000020,6610000000000130170029104536         S    L04   200000,0000020,6600000,0023/SSE01            0502202400020,66
130203003101013004133028971 0129012024 89.01  001010000,0000012,9110000000000013004133028971                    200000,0000000,0000000,00                    0000000000000,00
130203003101013004133028971 99                001010000,0000012,9110000000000013004133028971         S    E01   200000,0000012,9100000,0023/SSE01            0502202400012,91
130203003101013004139875313 0131012024 89.7   001010000,0000020,6610000000000013004139875313                    200000,0000000,0000000,00                    0000000000000,00
130203003101013004139875313 99                001010000,0000020,6610000000000013004139875313         S    C02   200000,0000020,6600000,0023/SSE01            0502202400020,66
130203003101013004140558278 0131012024 89.01  001010000,0000012,9110000000000013004140558278                    200000,0000000,0000000,00                    0000000000000,00
130203003101013004140558278 99                001010000,0000012,9110000000000013004140558278         S    048   200000,0000012,9100000,0023/SSE01            0502202400012,91
130203003101013004135344461 0131012024 89.7   001010000,0000020,6610000000000013004135344461                    200000,0000000,0000000,00                    0000000000000,00
130203003101013004135344461 99                001010000,0000020,6610000000000013004135344461         S    E02   200000,0000020,6600000,0023/SSE01            0502202400020,66
130203003101013004140276197 0131012024 89.01  001010000,0000012,9110000000000013004140276197                    200000,0000000,0000000,00                    0000000000000,00
130203003101013004140276197 99                001010000,0000012,9110000000000013004140276197         S    E01   200000,0000012,9100000,0023/SSE01            0502202400012,91
130203003101013004136082423 0131012024 89.7   001010000,0000020,6610000000000013004136082423                    200000,0000000,0000000,00                    0000000000000,00
130203003101013004136082423 99                001010000,0000020,6610000000000013004136082423         S    E03   200000,0000020,6600000,0023/SSE01            0502202400020,66
